977950781742.187500
1004348964924.279907
1003600841292.856812
1002493288518.336304
1002413465488.120117
1003144773989.567505
1003327307544.230835
1002969640742.954712
1004093328833.237549
1004024679557.686401
1003885962500.573730
1004011658460.224121
1002894718425.932251
1003983934502.069580
1004190140062.625244
1004348657268.452393
1004348540613.102173
1003880246485.191162
1004329361270.094849
1003595090083.150391
1004348834721.304321
1004243582293.260132
1003134237407.100098
1004338425314.231445
1004348296432.289429
1004338315871.644775
1004348477896.566772
1004212331347.278076
1004275563701.523560
1004275384150.252563
