724541834623.882812
1000398078127.544800
1000379589621.375366
991883430122.154907
974871943182.042114
1000266938362.661011
991597100329.369873
996175078491.618042
998715207841.637207
1000387041224.437012
999252680717.376831
999848692871.873535
1000244591481.358887
1000384509481.526733
1000396539516.827271
1000260850180.351807
1000243087032.628662
1000240490106.380127
1000379650674.938232
975888312875.336304
1000395871175.720215
1000386931721.146851
1000267123276.406128
1000268601140.618164
1000348168793.896729
1000349999695.178711
1000386870174.930420
1000395716780.653931
1000332955822.048218
1000350877478.030884
