724541834623.882812
1000398078127.544800
1000379589621.375366
991883430122.154907
974871943182.042114
1000266938362.661011
991597100329.369873
996175078491.618042
998715207841.637207
1000387041224.437012
999252680717.376831
999848692871.873535
1000244591481.358887
1000384509481.526733
1000396539516.827271
998836888618.195435
aqui reduces uno
1000277358593.164429
999553848142.267334
1000397940485.942871
aqui otro
1000268048244.726807
1000382717156.507690
997981371178.492920
998555236102.272583
995225849990.236572
995227274453.096924
996666592381.660522
995548731793.067749
990901905426.355347
984665985465.951172
990476974196.058472
