977950781742.187500
1004234498925.223511
1003581812705.622681
1002491665037.476562
1002371474701.087769
1002721808215.773926
1002668252205.190918
1002590610641.269165
1002574017615.236572
1002997423557.128662
1003289738414.975098
1002573894577.829712
1003510250961.994873
1003425765177.237305
1003400038051.615601
1002841453396.006958
1003575976263.159302
1003483136381.940186
1003738132733.936646
1003588481401.515869
1003269578752.220947
1003759625280.107910
1002943868094.654297
1003252205753.828735
1003815398904.247803
1003948305657.589111
1003228478629.802856
1003283408650.267700
1003947732936.013184
1002852953954.110352
